181.301030,  69.64378466
184.224540,  68.77572775
186.533967,  68.08844402
189.080246,  67.40272783
190.305278,  72.47908159
190.594300,  71.24505111
190.994839,  69.9691972
191.245662,  68.7588797
191.522332,  67.54336299
192.072226,  66.554891
192.839409,  67.8157626
193.490654,  69.18858699
193.865338,  67.01672229
195.870175,  70.142921
197.872912,  70.80173501
201.161578,  71.62262498
205.182747,  71.8286785
208.589739,  71.37534143
211.564491,  71.06546928
214.682107,  70.89061791
196.60322,  66.837671
197.35051,  66.317604
199.66745,  70.766471
201.248863, 71.015865
203.005162, 71.390327
211.822157, 70.469724
213.70959,  70.274933,  